74
   0   224
  31   199
  62   165
  79   109
 113    73
 169    61
 218    69
 245    97
 256   132
 253   168
 240   202
 219   221
 174   251
 119   288
  80   319
  51   370
  38   422
  36   467
  46   508
  64   537
  97   559
 138   563
 179   557
 204   544
 223   521
 224   497
 219   475
 207   458
 191   438
 182   416
 181   393
 188   376
 203   361
 234   347
 261   340
 290   340
 302   348
 312   362
 324   389
 335   421
 344   449
 351   487
 365   510
 390   530
 417   537
 441   541
 468   541
 495   537
 514   528
 527   508
 535   482
 535   457
 518   430
 486   399
 442   363
 401   332
 375   299
 367   242
 361   187
 364   139
 381   102
 408    79
 441    74
 467    80
 488    96
 505   122
 511   151
 516   181
 523   211
 535   241
 549   267
 566   286
 582   299
 599   310
